12195
5769
21092
21415
12293
27450
25913
16841
16116
21410
31386
20629
7187
25856
4668
16730
7870
183
8492
8506
15475
28059
4678
22388
16728
7575
29192
3598
5482
1785
6556
1859
2825
8495
24696
1180
29894
14842
31092
26842
1586
5417
26008
1347
19696
25739
11184
29560
2798
17058
14858
16254
16406
4325
29219
31431
26425
3950
9847
9985
28939
15441
5876
12120
25136
1940
25314
15608
5366
26393
21686
18619
5159
14836
917
24012
11198
26484
8709
16454
4158
11907
26509
3313
21579
21488
23186
28615
4499
8275
29530
30370
20802
32634
25476
17941
16359
6470
2631
26467
