20225
2247
27386
7764
20882
27607
12599
25342
15908
20339
17424
8851
4203
4271
29242
24949
6080
6987
2471
29394
32539
29281
6847
12706
15016
11226
7204
23303
333
3653
4668
27946
1485
13250
10574
27352
21374
11553
9540
23316
9971
22759
18543
12427
5850
6524
20907
25397
25113
30892
3241
25727
30044
11351
19299
30412
9126
8186
30786
25329
5627
21857
2378
9299
30995
2024
25471
30927
3712
4982
32062
6713
21076
22058
10419
15387
26222
512
27708
11150
7206
23211
12166
17734
7026
8497
27991
13302
5083
21925
26504
24110
21316
27435
5619
9664
6463
6337
398
18696
2436
2639
5388
1500
30905
24733
14397
22450
1896
26941
22064
4494
11598
5615
22049
19530
23710
12988
31533
4132
30890
13607
27125
1192
26173
27459
20455
28974
24180
23565
13561
28893
4178
13718
12300
610
7215
6799
16369
12215
13624
5279
30201
30948
3765
26015
23394
18844
17706
29025
20993
25725
31043
27519
15350
23780
22001
7952
6343
1588
31813
23434
32300
17756
14802
12204
3616
8944
4621
17165
19591
32408
24023
10809
21574
25819
6040
21608
16739
26901
15322
10521
18277
24072
10647
16310
7819
24075
25797
26454
2315
22192
7028
14924
5538
27333
1007
2762
32708
23121
19064
24407
2976
2226
5230
3937
25281
8934
24379
27996
22981
19986
21064
12738
31893
24653
15029
1525
25533
13346
24599
19696
24085
21611
24136
28663
3485
23880
31594
15254
10210
8294
19785
17432
23990
7906
12132
8438
7058
16732
18746
16416
14408
23429
13075
32358
11032
30059
6905
2369
13923
31007
11232
20971
15123
811
9890
11786
18984
14697
30405
16169
24932
9606
8793
15908
21453
30536
20304
16529
15441
1674
4037
5698
2517
12496
27199
11067
19892
12786
20483
15594
26722
21653
8806
12217
21973
15831
12038
28229
5024
9873
10820
9052
14870
8621
4759
9587
25898
24633
30112
918
12486
15898
27573
26134
2610
9744
717
16208
17796
11024
24554
14623
29553
23287
13969
14369
18323
8778
30502
8296
16164
6430
17819
6708
31624
20509
32019
17114
21184
5003
19704
30931
3392
6933
13496
30586
11524
32579
25030
25136
28713
13731
13890
30267
23181
12977
21793
9842
16475
29756
14884
12679
27474
31780
18649
24130
29189
27046
27629
29066
27318
31509
19639
17435
28529
10039
25811
311
30505
30847
8077
10128
1522
11795
6988
17235
17285
6272
12507
20277
28446
26765
19147
10287
32151
7365
29885
26786
5546
27252
8011
12869
632
29206
15080
31414
7097
22597
30263
12903
21920
19572
10281
23626
10406
30690
22410
16966
10393
4947
25913
19376
15722
9856
26119
31724
6323
23953
11876
32667
26544
5132
21338
22613
4864
7131
5563
21384
19388
17303
16144
4053
17760
29840
23067
23728
23701
4858
14246
11720
25524
5037
24644
21040
4594
28265
24004
13372
6747
6815
32224
12695
20639
18786
28481
14881
28025
18937
14819
4974
28192
12728
23709
7519
25803
2851
25231
20354
9967
24998
10806
5336
11912
10451
21770
18094
4227
24868
24287
15954
6679
9714
24335
29543
12605
28078
30378
26410
20924
22977
20943
6279
4041
2393
29653
26648
13514
3368
795
6217
8468
28260
15039
29210
10688
19423
29633
14091
29052
9826
6144
18340
6577
175
1094
24454
30625
9963
26233
28186
7878
523
19316
904
1821
12404
25267
6271
360
30699
11639
15642
15264
21470
18737
24931
32764
9317
14511
3832
2555
25592
21252
1722
14948
10191
19138
16597
14677
11270
765
22329
2637
5199
4084
3381
20524
17094
7867
11607
30062
9575
24677
16448
31896
10363
24055
12086
20464
18185
27269
6469
17017
23108
28676
13447
14551
23499
8750
10807
19442
11026
28785
26135
11421
17732
11598
11049
27102
3840
2006
6598
16008
31276
13343
878
1165
2028
23339
5332
5658
22374
18197
23051
17390
2490
14669
17332
13184
27679
7834
20897
19445
551
9983
25279
14719
24004
10786
29832
14402
13570
16232
28324
7289
28712
3554
11363
23805
5798
17309
8839
10969
24789
990
5460
3506
26205
3607
18839
3650
24203
8588
11163
1210
6536
1005
795
32571
16330
5680
20288
12544
5142
226
16310
7436
7119
29914
19137
3814
18096
30469
7588
9836
13204
2577
2498
17562
1798
23269
12214
12899
18574
11031
8449
1555
7675
26637
25632
17301
12397
8103
14215
15410
5689
14396
10573
22099
16230
1454
7181
18775
19079
4152
1925
991
26170
10143
31192
30895
21640
30852
25544
9943
7950
7440
17244
32125
26208
27204
24223
19095
20202
1380
16528
25721
5247
28525
14322
12504
30969
23688
2786
16440
27644
8042
14788
20288
6726
15902
20034
30697
15325
18548
26210
29349
20841
29926
31202
10158
16817
6677
13381
29057
27999
14317
22705
6235
18327
16430
18987
5467
14545
29778
25339
30750
13585
8916
14414
16242
8159
17565
29293
32300
17491
27402
11251
7932
32438
12914
683
22556
20788
2122
30777
4591
2053
17711
12777
28376
17392
640
21083
10046
8594
8613
31411
11031
17160
32490
28842
25622
9404
29972
11233
8032
3107
6025
19290
14917
23678
32286
13981
12152
4924
1877
2020
18251
26373
20938
18621
14613
23025
4346
14151
19888
973
21114
3613
26472
8752
6800
9607
31528
18791
18931
6009
16409
22093
2311
25099
3545
18629
9928
22334
18675
7355
2881
12181
11806
30654
12444
11758
7712
4828
20575
17670
24725
4963
813
17208
16554
7367
7080
21093
4195
3822
30198
12201
19440
10827
27110
16024
10903
27706
12108
26176
14634
7979
7344
12871
1091
6233
6454
19238
19838
15719
3870
15212
21951
9119
19986
11305
27844
5517
9183
17505
25352
17805
29142
26387
26136
31030
25850
5940
8770
22193
16961
1492
16998
26621
20926
19416
2726
26704
13464
10990
16705
19118
9124
4344
12914
2976
1009
420
25326
15618
9571
25646
20567
15999
11419
17204
22000
11227
26929
13566
12160
11527
26328
7301
9628
18631
22563
1
5917
6068
21852
22516
3018
15273
11016
14891
1955
3356
29550
4952
17988
24379
20992
13249
937
29744
16891
6486
31585
21733
15129
10361
31639
16043
30719
18700
20390
20456
25725
28471
21212
16472
30263
17983
9863
12554
23403
10067
22285
27636
10324
22946
21258
30921
29810
6024
10444
10562
20585
25110
22490
26595
14428
32001
2973
6387
21879
13436
2641
1523